Map from character to field name
A:	Cumberland
B:	Fairfield
C:	Nantucket
D:	New-Haven
E:	New-London
F:	Suffolk
G:	York
H:	?


Substitution rate (mu): 49.044721

Equilibrium frequencies (pi_i):
  A: 0.1491
  B: 0.1496
  C: 0.1318
  D: 0.1512
  E: 0.1499
  F: 0.12
  G: 0.1485

Symmetrized rates from j->i (W_ij):
	A	B	C	D	E	F	G
  A	0	1.2674	0.9651	0.9714	0.9571	1.4228	1.2751
  B	1.2674	0	0.9621	0.954	0.9709	1.8774	1.7646
  C	0.9651	0.9621	0	0.9756	0.9742	1.4033	0.9613
  D	0.9714	0.954	0.9756	0	0.9618	1.4077	0.9556
  E	0.9571	0.9709	0.9742	0.9618	0	1.4004	0.9651
  F	1.4228	1.8774	1.4033	1.4077	1.4004	0	1.4301
  G	1.2751	1.7646	0.9613	0.9556	0.9651	1.4301	0

Actual rates from j->i (Q_ij):
	A	B	C	D	E	F	G
  A	0	0.189	0.1439	0.1449	0.1427	0.2122	0.1901
  B	0.1896	0	0.1439	0.1427	0.1452	0.2808	0.2639
  C	0.1272	0.1268	0	0.1285	0.1284	0.1849	0.1267
  D	0.1468	0.1442	0.1475	0	0.1454	0.2128	0.1444
  E	0.1435	0.1455	0.146	0.1442	0	0.2099	0.1447
  F	0.1707	0.2253	0.1684	0.1689	0.168	0	0.1716
  G	0.1894	0.2621	0.1428	0.1419	0.1433	0.2124	0
