Map from character to field name
A:	Cumberland
B:	Fairfield
C:	Nantucket
D:	New-Haven
E:	New-London
F:	Suffolk
G:	York
H:	?


Substitution rate (mu): 44.064395

Equilibrium frequencies (pi_i):
  A: 0.1279
  B: 0.1602
  C: 0.1359
  D: 0.1569
  E: 0.1556
  F: 0.1249
  G: 0.1385

Symmetrized rates from j->i (W_ij):
	A	B	C	D	E	F	G
  A	0	1.5143	1.0132	1.0104	1.0106	1.0123	1.5199
  B	1.5143	0	1.0094	1.0054	1.0056	2.0172	1.0093
  C	1.0132	1.0094	0	1.0104	1.0105	1.5186	1.0133
  D	1.0104	1.0054	1.0104	0	1.0068	1.5143	1.0103
  E	1.0106	1.0056	1.0105	1.0068	0	1.5145	1.0105
  F	1.0123	2.0172	1.5186	1.5143	1.5145	0	1.0124
  G	1.5199	1.0093	1.0133	1.0103	1.0105	1.0124	0

Actual rates from j->i (Q_ij):
	A	B	C	D	E	F	G
  A	0	0.1937	0.1296	0.1292	0.1293	0.1295	0.1944
  B	0.2426	0	0.1617	0.1611	0.1611	0.3232	0.1617
  C	0.1377	0.1372	0	0.1373	0.1373	0.2063	0.1377
  D	0.1585	0.1577	0.1585	0	0.158	0.2376	0.1585
  E	0.1573	0.1565	0.1573	0.1567	0	0.2357	0.1573
  F	0.1265	0.252	0.1897	0.1892	0.1892	0	0.1265
  G	0.2106	0.1398	0.1404	0.14	0.14	0.1403	0
