Map from character to field name
A:	Cumberland
B:	Fairfield
C:	Nantucket
D:	New-Haven
E:	New-London
F:	New-YorkState
G:	Suffolk
H:	York
I:	?


Substitution rate (mu): 50.190035

Equilibrium frequencies (pi_i):
  A: 0.1128
  B: 0.1415
  C: 0.1199
  D: 0.1384
  E: 0.1371
  F: 0.1199
  G: 0.1083
  H: 0.1221

Symmetrized rates from j->i (W_ij):
	A	B	C	D	E	F	G	H
  A	0	1.5139	1.0125	1.0101	1.0102	1.0125	1.0118	1.5188
  B	1.5139	0	1.0092	1.0056	1.0058	1.0092	2.0171	1.0091
  C	1.0125	1.0092	0	1.01	1.0102	1.0126	1.5177	1.0126
  D	1.0101	1.0056	1.01	0	1.0069	1.01	1.514	1.01
  E	1.0102	1.0058	1.0102	1.0069	0	1.0102	1.5143	1.0101
  F	1.0125	1.0092	1.0126	1.01	1.0102	0	1.5177	1.0126
  G	1.0118	2.0171	1.5177	1.514	1.5143	1.5177	0	1.0118
  H	1.5188	1.0091	1.0126	1.01	1.0101	1.0126	1.0118	0

Actual rates from j->i (Q_ij):
	A	B	C	D	E	F	G	H
  A	0	0.1707	0.1142	0.1139	0.1139	0.1142	0.1141	0.1713
  B	0.2142	0	0.1428	0.1423	0.1423	0.1428	0.2854	0.1428
  C	0.1214	0.121	0	0.1211	0.1211	0.1214	0.182	0.1214
  D	0.1398	0.1392	0.1398	0	0.1394	0.1398	0.2096	0.1398
  E	0.1385	0.1379	0.1385	0.138	0	0.1385	0.2076	0.1385
  F	0.1214	0.121	0.1214	0.1211	0.1211	0	0.182	0.1214
  G	0.1095	0.2184	0.1643	0.1639	0.164	0.1643	0	0.1096
  H	0.1855	0.1233	0.1237	0.1234	0.1234	0.1237	0.1236	0
